15.821,0.61831,-0.53353,-0.55977,0.73075,-0.76935,-0.69924,0.73447,0.83503,0.65041,-0.76072,0.51193,0.75935,-0.58096,-0.5644,-0.7092,0.56459,0.86644,0.82808,0.52818,0.63291,0.57563,-0.58207,0.83607,-0.53181,-0.8747,-0.50892,0.51112,-0.69612,0.91543,-0.75855,-0.82889,0.7373,0.61223,0.51413,0.57925,0.56149,-0.50613,-0.52047,-0.72605,-0.66723,-0.58269,0.52498,0.6334,0.72613,0.50018,0.79251,0.88273,0.64098,0.88044,0.73569,0.53696,0.55827,-0.82324,0.7682,0.70007,-0.93704,0.54403,0.76733,-0.73272,0.7104,-0.60962,-0.64075,-0.65352,-0.59031,0.52342,0.61361,0.55551,0.75772,0.72012,0.82934,0.79415,0.51802,0.56089,-0.73952,0.6262,0.66846,-0.90461,-0.52673,0.80713,0.85299,0.81421,0.60188,-0.87084,-0.85092,-0.71721,-0.67821,-0.53935,-0.65421,0.57967,0.71858,-0.6688,-0.70987,0.69988,-0.8658,0.55376,-0.65907,0.52463,0.71004,0.62538,0.76355,-0.55825,-0.7356,-0.69432,-0.63617,-0.76494,0.78589,0.74568,-0.74488,0.52375,0.83216,0.51573,0.75069,-0.62803,-0.73617,-0.61707,-0.57894,0.51309,-0.6857,0.62378,-0.57208,-0.52551,-0.64242,0.69599,-0.56528,0.5306,0.5181,0.51265,0.54823,0.72371,0.97943,-0.65756,0.83983,-0.74719,-0.52912,0.64258,0.64629,0.77705,0.53125,0.56552,0.80547,-0.57068,-0.89079,-0.81851,0.69891,-0.59729,0.553,-0.61049,0.61064,-0.58774
0.61831,15.821,-0.7011,0.56085,-0.70255,-0.89155,-0.72458,-0.60054,-0.51503,-0.51509,-0.65626,-0.61775,0.74823,-0.72168,0.79856,-0.93836,-0.7444,0.51895,0.64077,-0.61919,0.67466,0.6223,-0.91249,0.68039,-0.50414,0.84953,0.60939,0.62136,-0.60319,-0.71763,-0.67713,-0.5979,-0.84871,-0.80514,-0.69444,0.54212,-0.89771,0.63671,0.67532,0.60848,0.96271,0.59679,-0.76562,0.66329,-0.54573,0.88611,0.87685,0.53618,0.76354,-0.51424,0.72917,0.72322,-0.69573,0.68408,0.588,0.53479,0.5001,-0.51216,0.72009,0.51934,0.92531,0.6601,0.77591,-0.5087,0.54648,0.54532,0.53058,0.73459,0.76713,0.61805,-0.67469,0.52944,0.55336,-0.73752,-0.82422,-0.52422,0.54916,-0.61548,-0.69253,0.84197,-0.63703,0.60061,0.5301,-0.52499,-0.52134,-0.74772,0.62569,0.64079,0.57735,-0.73262,-0.54768,0.50165,0.72441,-0.54483,0.61387,0.63984,0.56045,0.56165,0.68446,-0.77673,-0.6802,0.93823,0.56201,-0.66267,0.82436,0.83262,-0.61015,-0.59122,-0.59302,0.64457,0.67282,0.53567,-0.69581,-0.58423,0.99183,0.5426,0.70174,-0.5577,0.86618,0.5593,0.61566,-0.64395,0.54798,-0.64675,0.78704,-0.5038,0.51583,0.64413,0.63076,-0.58165,0.55394,0.64082,-0.6381,0.66585,-0.67118,-0.73827,0.56626,-0.56377,0.61211,-0.59441,0.50532,0.94772,0.7346,-0.60767,0.76542,0.65811,-0.78437,-0.53987,0.77869,-0.58407
-0.53353,-0.7011,15.821,0.77204,0.60525,-0.74997,0.76411,0.52756,-0.77145,0.85137,0.90317,0.96207,-0.52288,0.5443,-0.57262,0.55845,0.8951,-0.67169,-0.53851,-0.83288,-0.56116,0.62817,-0.60688,-0.59642,0.84592,0.80472,0.71701,-0.6459,0.50136,-0.50042,-0.65246,-0.86329,-0.54808,0.80212,-0.50636,0.65044,-0.77538,0.59312,0.68139,-0.57336,-0.60812,0.83268,0.67849,0.56661,0.69134,0.50365,-0.50103,-0.68295,-0.53958,0.85716,0.66909,0.58328,0.5423,0.78102,0.57446,-0.55076,-0.53918,0.74816,0.54402,0.65658,0.6805,-0.61113,-0.69156,-0.62618,-0.52826,0.51171,-0.89816,-0.75317,0.62518,-0.77003,-0.74442,-0.55005,-0.53118,-0.53416,-0.6928,0.56335,-0.88853,-0.84877,-0.57506,-0.65108,-0.60216,0.52234,-0.78931,-0.57096,-0.7107,0.60365,0.68703,0.72826,-0.5949,0.52576,0.63607,0.65821,-0.61046,0.56838,-0.81514,-0.63941,0.5916,-0.50067,0.5665,-0.60216,-0.5404,0.85574,0.55794,-0.71399,-0.54504,0.81522,0.56703,-0.86519,-0.55215,0.5228,-0.67139,-0.67581,0.85238,0.63284,-0.54902,-0.71758,0.50829,-0.52818,-0.72652,-0.75279,0.75434,0.81398,0.59122,0.52383,-0.68499,0.74299,-0.90843,-0.83855,0.82084,0.54189,-0.51238,0.60283,0.94096,0.81237,0.55286,0.50917,0.58834,0.91731,0.88157,0.75037,-0.71975,-0.50999,0.57066,-0.59759,-0.50572,-0.56977,-0.67543,-0.59306,0.72162,0.57261
-0.55977,0.56085,0.77204,15.821,-0.70321,-0.78754,-0.70287,0.96771,-0.55497,0.75279,0.6125,-0.86148,0.55095,0.71806,-0.67926,0.52738,0.92943,0.57767,-0.5069,0.88683,0.59601,-0.83709,-0.72416,0.57406,-0.56662,-0.8301,-0.54316,-0.77668,-0.51875,-0.78858,0.72137,-0.67634,-0.57315,0.61393,0.63961,-0.9129,-0.93082,-0.62171,-0.50745,0.74247,0.54319,0.85693,-0.57922,0.81364,0.6361,-0.92751,-0.93003,-0.50122,0.70191,-0.8386,0.91923,0.67157,-0.53788,0.74961,-0.84089,0.57326,0.64443,0.51499,-0.50566,-0.53999,-0.67781,-0.86725,-0.63496,0.75187,0.65773,-0.79872,0.97763,-0.66914,0.53592,-0.73133,-0.72076,-0.72487,-0.7446,-0.57589,-0.60014,-0.50546,-0.94239,0.74596,-0.57114,-0.63466,0.89282,-0.68776,-0.59829,-0.77763,-0.90474,0.63998,0.64014,0.83206,0.71896,-0.63258,-0.59038,-0.59059,0.80806,-0.52394,-0.70696,-0.65023,0.78381,0.66758,0.66374,-0.68412,0.5798,0.9021,-0.69087,-0.61527,-0.51351,0.79528,-0.79341,0.62755,-0.64389,0.62967,0.50067,-0.70114,-0.62089,-0.53646,-0.87652,-0.73569,-0.51923,-0.51022,0.60906,-0.66019,0.55424,-0.80485,-0.77716,-0.88573,-0.81008,0.69465,0.74742,0.88394,0.6774,0.53089,0.77698,0.50951,0.52273,0.6164,0.82968,0.51675,0.54733,-0.5102,-0.86557,-0.92771,-0.843,-0.51074,-0.8414,-0.53271,-0.57901,0.50358,0.7151,0.57405,-0.58258,0.65208
0.73075,-0.70255,0.60525,-0.70321,15.821,0.80708,0.52053,-0.79292,0.6323,-0.6074,0.60879,0.79857,-0.56219,-0.54671,-0.60191,-0.56606,0.79091,-0.50164,-0.7224,-0.51153,0.56428,-0.84706,0.68967,0.65658,0.77288,0.87708,0.61276,0.86076,-0.7067,0.75606,-0.52271,0.54498,0.56747,-0.69357,-0.702,-0.54351,-0.87042,-0.67682,-0.76889,0.67151,-0.78512,-0.77806,-0.96863,0.73604,-0.61237,-0.77793,0.69236,-0.74915,-0.87427,-0.65019,-0.86221,-0.90194,-0.92379,-0.72126,-0.86445,-0.74688,-0.84352,-0.67736,0.608,-0.63028,0.91045,0.51111,-0.69021,0.54052,-0.58124,-0.76747,-0.72726,-0.67881,0.67789,0.692,0.93133,0.78481,-0.75614,-0.83025,-0.54569,-0.51075,0.51921,-0.6914,-0.65627,-0.94469,-0.53918,0.78302,-0.53919,0.5526,-0.80649,-0.50699,0.67044,0.61148,-0.77986,0.54122,0.74192,0.56882,0.76122,0.62808,-0.61932,-0.55961,0.5698,-0.73908,-0.57797,0.60332,0.5108,0.57436,0.51376,-0.63891,-0.83702,-0.71919,0.58003,-0.55837,0.52842,-0.52196,0.83139,0.75725,0.61806,0.59667,-0.60969,0.63301,-0.74975,-0.53057,-0.73499,-0.63529,0.88634,0.72214,-0.53467,-0.60721,0.69484,-0.70907,0.81828,0.67327,-0.63863,0.77767,0.6522,0.55657,-0.60946,0.68501,-0.91389,0.55133,-0.60095,0.68533,-0.63806,0.5032,0.54151,0.71231,-0.66602,-0.75356,-0.50868,0.53341,-0.63338,0.94911,-0.53801,-0.50783
-0.76935,-0.89155,-0.74997,-0.78754,0.80708,15.821,0.88599,0.51739,0.61955,-0.53975,0.64954,-0.73189,-0.62401,0.56594,0.51063,-0.57129,0.69324,-0.52705,-0.84223,0.64763,0.73547,0.96682,-0.70271,-0.63583,-0.65602,-0.90063,0.82399,-0.70106,-0.52959,-0.50592,-0.79669,0.55427,0.54739,-0.6573,-0.76315,0.60874,0.51999,0.60468,0.77655,0.65958,0.74805,0.57329,-0.52604,-0.50987,-0.54369,0.77693,0.64315,0.60512,0.72466,-0.66371,-0.54871,0.53322,-0.51374,-0.65006,0.53715,-0.57042,-0.74535,-0.52371,-0.598,-0.63616,-0.51116,0.66832,0.50456,0.6277,-0.88244,-0.64926,-0.89024,-0.50047,-0.81769,-0.64718,0.50544,0.53741,-0.68488,0.81828,0.79959,0.65247,-0.78009,-0.55205,-0.547,-0.79353,0.77788,0.66787,0.86902,-0.50509,-0.50686,-0.51785,-0.67859,-0.68755,-0.78367,0.52879,-0.76147,0.54995,0.5419,-0.54053,-0.85339,-0.63327,-0.58726,0.68417,-0.71725,-0.50829,-0.54579,-0.80927,0.64684,-0.9263,0.57894,0.64205,-0.65787,-0.81266,0.71128,-0.60243,0.57399,0.58753,-0.59124,0.63451,-0.91123,0.8817,-0.90348,-0.67589,-0.63102,0.52599,-0.60697,0.74906,0.82566,0.55574,-0.51201,0.59342,0.59114,0.77552,0.72793,0.66907,-0.75952,-0.93197,0.73119,-0.56033,-0.59151,0.63685,-0.52956,0.77981,-0.53833,-0.60654,-0.55692,-0.9519,-0.70881,0.72344,-0.51936,-0.55225,0.65594,-0.61032,-0.84696,-0.52317
-0.69924,-0.72458,0.76411,-0.70287,0.52053,0.88599,15.821,0.91773,0.78321,-0.83351,0.50757,0.76482,-0.56865,-0.70033,0.63661,-0.76242,-0.77161,-0.55233,-0.8725,0.66727,0.54505,0.6009,-0.8586,0.50884,-0.55749,-0.81284,0.59602,-0.52648,0.71425,-0.52615,0.64234,0.52469,0.83359,0.56283,-0.51039,-0.52538,-0.61214,-0.58605,0.66837,0.52462,-0.71647,-0.77563,-0.5243,0.59419,-0.5293,0.57494,0.72328,-0.50632,0.79978,0.68653,-0.51704,-0.78404,-0.72025,0.56981,0.61518,0.58631,-0.67457,-0.64669,0.57677,-0.56412,-0.51481,0.56003,0.91418,0.66551,-0.7599,0.97394,-0.56877,-0.65596,0.82323,0.72181,-0.81147,-0.70749,0.54159,0.68222,0.67753,-0.54761,0.80267,0.93538,-0.52062,-0.76584,-0.6228,-0.64616,-0.86643,-0.60247,0.64684,-0.58866,-0.8424,0.81055,0.81531,0.64378,-0.70822,0.57293,0.81798,0.77624,0.61748,0.57105,-0.53328,0.51715,-0.67388,-0.68464,-0.53307,-0.5797,-0.60441,-0.73647,0.71807,-0.52682,0.62714,-0.88072,-0.79033,-0.6216,0.50384,-0.58197,0.51841,0.63548,0.79642,-0.63079,-0.51124,0.58305,0.6545,-0.62648,0.62093,0.52541,0.76226,-0.69471,0.61732,-0.51362,0.93068,-0.56869,-0.71613,-0.55644,0.91029,0.72647,-0.87578,0.56069,-0.65287,-0.78374,-0.51769,-0.53383,-0.54955,0.50611,0.606,0.50817,0.67505,0.71077,-0.69067,-0.56024,-0.53229,-0.63737,-0.77034,0.60834
0.73447,-0.60054,0.52756,0.96771,-0.79292,0.51739,0.91773,15.821,-0.75244,-0.95002,0.51694,-0.59752,0.52234,-0.63523,-0.63464,-0.60001,0.64382,0.61898,-0.6848,-0.74318,-0.80985,0.60011,-0.56828,-0.54399,-0.50301,-0.7151,-0.66643,-0.66497,0.76872,0.65189,0.7001,-0.56807,-0.73385,0.56188,-0.83983,-0.57209,-0.76991,0.9443,-0.62149,0.59881,-0.80442,0.69924,0.57442,-0.51909,0.50067,-0.77098,0.65867,0.54633,-0.8466,0.57781,-0.78104,0.50288,-0.68729,0.64592,-0.64283,0.87197,-0.66259,0.59105,-0.69913,0.9326,0.67741,-0.50086,0.5859,0.55914,0.65098,-0.96072,0.81708,-0.81425,0.51975,0.95544,0.63013,-0.50482,-0.52365,0.56299,-0.79504,-0.50181,-0.58895,-0.54188,-0.5362,0.53368,-0.54747,0.79575,-0.6947,0.80784,-0.52344,0.6247,0.56335,-0.5198,0.53836,-0.50672,-0.74949,0.8152,0.51181,0.77848,-0.73504,0.50348,-0.72891,0.71971,-0.85427,0.56414,0.85705,-0.65232,-0.65278,-0.59731,-0.82215,-0.60843,0.50711,0.74839,-0.71718,-0.60818,0.76444,-0.73092,-0.60456,0.57065,0.63245,-0.77384,-0.69026,-0.58792,0.79033,0.50219,0.69012,0.51993,-0.66977,-0.56313,0.84816,-0.74588,0.67435,0.69567,-0.53095,0.57072,-0.65956,0.52339,-0.58342,0.76479,-0.85056,-0.51491,0.68774,0.60795,-0.78478,0.95455,-0.54777,-0.64204,-0.62185,-0.6601,-0.75447,-0.68373,-0.85633,0.60235,0.57858,-0.60377
0.83503,-0.51503,-0.77145,-0.55497,0.6323,0.61955,0.78321,-0.75244,15.821,-0.67595,0.58767,-0.60044,0.55296,0.51686,-0.577,0.50526,-0.65305,-0.76577,-0.66363,-0.60838,0.84475,-0.60252,0.95665,-0.76138,0.63989,-0.60217,-0.80211,0.81991,0.62529,-0.73322,-0.58468,-0.5089,-0.56655,0.75487,0.59076,0.5736,0.84685,-0.73548,-0.64562,0.57691,0.68511,-0.53986,-0.77264,0.76786,-0.72992,-0.77942,0.97286,0.61859,0.52781,-0.52596,0.70634,-0.51687,-0.85564,0.69437,-0.85755,-0.76485,-0.88187,0.65329,0.73826,0.50511,0.60186,0.59677,0.52073,-0.8039,0.51952,0.69444,0.64078,-0.567,-0.58058,-0.9138,-0.72892,-0.60673,-0.5673,-0.56845,-0.53683,0.80364,0.50591,0.60381,-0.73019,-0.56409,-0.57828,-0.64266,0.58429,-0.51807,-0.63146,0.5448,-0.62231,-0.61709,0.64684,0.69556,0.65422,-0.60507,0.78356,-0.57883,-0.71214,0.5909,0.80492,-0.52518,-0.69447,-0.77828,0.67147,-0.6226,-0.51158,-0.5612,-0.54537,-0.54419,-0.78119,0.56311,0.57793,-0.86229,-0.62625,0.71798,-0.90391,0.50721,-0.80438,-0.52205,-0.67008,-0.95353,-0.53903,0.73086,0.73184,-0.81261,-0.61346,0.86033,0.65703,0.75979,0.88639,-0.84269,0.83013,0.69464,0.83738,-0.78941,-0.55942,0.6682,0.55351,0.88716,-0.65353,0.58499,0.57134,0.57942,0.5178,-0.88044,0.90345,-0.51949,-0.84524,-0.63911,0.55038,0.60221,-0.60551,0.89314
0.65041,-0.51509,0.85137,0.75279,-0.6074,-0.53975,-0.83351,-0.95002,-0.67595,15.821,-0.89058,0.8978,-0.61854,-0.6212,0.67576,0.7332,0.60673,-0.70415,0.54929,-0.70995,0.77201,0.76257,0.69638,0.58586,-0.77474,0.52061,0.74647,0.60033,-0.70446,0.54715,0.67654,0.50084,0.68713,0.86728,0.68736,0.61451,0.53782,-0.70375,0.58431,0.64231,-0.77731,0.57521,0.70732,0.84638,-0.58667,0.58801,-0.8947,-0.56108,-0.5929,-0.89116,-0.73176,0.79439,0.84328,-0.9142,-0.8266,-0.50212,0.84575,0.79331,0.74805,0.53316,0.60129,0.5977,0.51371,-0.5399,0.66257,-0.67072,-0.71372,0.73418,0.83481,-0.70925,0.56614,-0.51562,0.68145,0.81935,-0.61091,0.56015,-0.78279,-0.72028,0.74599,0.67555,0.75655,-0.78431,0.51877,0.70846,-0.72317,-0.7998,0.66173,-0.77384,0.59795,-0.5068,-0.74184,-0.94178,-0.59886,-0.83923,0.54356,-0.59393,0.58748,-0.67855,0.50482,0.57957,-0.73057,-0.68239,-0.6462,-0.77037,-0.50525,-0.7693,-0.51746,-0.85307,-0.60001,-0.64744,-0.68766,-0.60319,0.87755,-0.61365,0.85066,0.56331,0.60495,0.76488,0.55284,-0.50018,-0.51582,0.71139,0.6369,0.6973,0.70657,0.50312,-0.75374,0.63759,-0.7942,0.88032,0.9481,-0.90459,-0.58117,0.56335,-0.73072,0.59824,-0.93265,0.68179,0.53549,0.66497,0.65723,0.70772,-0.60103,-0.52131,0.64605,-0.81306,0.5427,0.51154,-0.7795,-0.69604
-0.76072,-0.65626,0.90317,0.6125,0.60879,0.64954,0.50757,0.51694,0.58767,-0.89058,15.821,0.7298,-0.8975,0.512,-0.72208,0.8224,-0.62181,-0.6901,0.52078,0.73156,0.61894,-0.6648,-0.58271,0.59917,0.515,0.64139,0.62023,0.50465,-0.77797,-0.80321,-0.59987,-0.64694,0.70908,-0.84612,0.87559,0.52921,0.5049,-0.77926,-0.6252,0.64604,-0.64661,-0.57033,-0.81954,0.90392,-0.74171,0.75175,-0.6912,0.54115,-0.68993,0.92864,0.60421,-0.68023,-0.82266,-0.64553,0.73155,-0.69226,0.68386,-0.51483,-0.73307,0.80569,-0.69202,0.56546,0.6199,0.75837,0.81513,-0.50031,0.55057,-0.62324,-0.59862,-0.76357,0.68763,0.76559,0.73448,0.68558,0.82462,-0.61521,-0.70751,-0.5139,0.72342,0.53901,-0.55342,-0.51425,0.78334,-0.53999,-0.60097,0.66497,0.57423,0.69455,0.70926,0.62452,-0.555,-0.78027,0.60019,0.55931,-0.71136,-0.61833,0.69191,0.61068,-0.72042,0.74894,-0.81848,0.61115,-0.62783,-0.61978,0.93684,-0.55126,0.89557,0.82435,0.64929,-0.57551,-0.65421,-0.7971,0.701,0.61403,0.74771,-0.69667,0.81659,0.70553,0.57117,-0.53466,0.52709,0.89827,0.82525,-0.55892,0.68401,-0.64693,-0.59872,-0.51244,0.66496,0.53576,0.82148,-0.57201,-0.97841,-0.71169,0.67611,-0.53355,0.53101,0.54417,0.6337,-0.69107,-0.5692,0.8323,-0.56883,0.64004,0.58411,-0.81107,0.8897,0.55674,0.57782,-0.78685
0.51193,-0.61775,0.96207,-0.86148,0.79857,-0.73189,0.76482,-0.59752,-0.60044,0.8978,0.7298,15.821,-0.80616,-0.60403,-0.69519,0.56032,-0.55151,-0.58147,0.83772,0.692,0.8163,-0.82366,0.63629,0.56131,-0.54996,-0.6084,-0.56301,-0.82799,-0.86688,-0.52539,-0.54858,-0.85268,0.66039,-0.60073,0.95003,0.54614,-0.51311,0.5238,0.70386,-0.89481,-0.53362,0.70217,-0.59298,0.55792,0.90936,0.52134,0.69091,0.5354,-0.53737,0.607,0.57378,0.85334,-0.53994,-0.69982,-0.82497,-0.52385,0.68726,-0.69015,0.68175,-0.76714,0.56643,-0.62502,-0.61985,0.78006,0.63727,-0.7943,0.72044,-0.77351,-0.5539,0.93054,-0.75254,-0.71261,0.78725,-0.54235,0.81625,0.72613,0.65492,0.70272,-0.79603,-0.5385,-0.53047,-0.62067,0.5817,-0.61126,0.53745,-0.54869,0.55179,-0.60057,0.56962,-0.63177,-0.70405,0.62603,0.60167,-0.54355,-0.62782,-0.65706,-0.70066,0.88432,-0.71321,-0.70311,0.54655,-0.71365,-0.78852,0.72649,0.90321,-0.53835,0.51558,-0.52167,-0.58043,-0.69972,-0.53808,0.52398,-0.5431,-0.54374,0.58194,-0.60359,0.71981,-0.55099,-0.69265,0.749,0.61388,-0.69761,0.57916,0.60804,0.91757,-0.51815,0.74871,-0.7579,-0.53718,-0.57623,0.78528,-0.90767,-0.59482,-0.60703,-0.56503,0.83282,-0.53331,-0.52943,0.60667,0.69923,0.53193,0.56176,-0.73696,0.5464,0.83443,0.80654,0.77286,0.7789,0.66184,-0.89527
0.75935,0.74823,-0.52288,0.55095,-0.56219,-0.62401,-0.56865,0.52234,0.55296,-0.61854,-0.8975,-0.80616,15.821,-0.87374,0.5542,0.50308,0.83884,-0.61325,-0.70186,-0.55034,0.5678,-0.7533,-0.82121,0.72165,-0.52991,-0.58408,0.59712,0.54883,0.63263,-0.54322,-0.56625,0.52725,-0.6874,-0.72605,-0.66014,-0.51572,0.51226,0.74382,0.61541,-0.694,0.79324,0.63542,0.8824,0.57057,0.58677,0.90516,-0.856,0.55773,-0.84956,-0.64531,-0.81935,0.8028,0.56396,-0.5508,-0.59879,-0.61296,0.52448,0.56927,-0.60252,0.61333,0.51286,-0.78552,-0.82503,-0.66334,-0.7859,-0.64636,-0.66632,0.86217,0.68188,0.63583,0.75293,0.55116,0.70658,-0.65078,-0.72808,0.5923,0.66473,-0.74743,-0.84403,0.56424,-0.53809,0.65641,-0.54513,0.50661,0.7336,0.59618,0.51322,0.86038,-0.66113,0.69152,0.77571,-0.60305,0.72665,0.60452,-0.71427,0.65987,0.53341,-0.79608,-0.65513,-0.81026,-0.79472,-0.75415,-0.63004,0.87509,0.69857,-0.58755,-0.56865,-0.65368,-0.5272,-0.81197,-0.58598,-0.62097,-0.5277,0.67762,-0.66567,-0.7048,-0.76112,0.73844,0.70191,-0.73136,0.61015,0.65412,0.61448,-0.53423,-0.74581,0.93471,0.66138,0.73254,0.52965,0.76314,0.71359,-0.53696,0.79826,-0.66342,-0.75669,0.73524,-0.84518,-0.60033,-0.78446,-0.73494,-0.82147,0.55628,0.62625,0.57895,0.58104,-0.61718,-0.6323,0.50957,0.63952,-0.6913
-0.58096,-0.72168,0.5443,0.71806,-0.54671,0.56594,-0.70033,-0.63523,0.51686,-0.6212,0.512,-0.60403,-0.87374,15.821,0.6026,0.60876,0.71294,-0.82279,0.72861,-0.56877,0.85886,-0.54122,-0.5132,-0.9608,0.63122,0.53682,0.50946,0.51014,0.53668,-0.77094,-0.68647,0.74175,0.55734,-0.64149,0.7451,0.59371,-0.58643,0.75511,-0.63151,-0.60268,-0.8147,0.65608,-0.69038,0.52353,-0.56912,-0.6748,-0.72979,-0.55816,0.90398,0.72523,0.58028,0.59913,-0.67395,-0.59689,-0.5922,-0.75653,0.55882,0.64153,0.56482,-0.85344,-0.70214,-0.69464,0.52488,0.75873,0.81724,-0.56186,0.60223,-0.59544,0.72146,0.77249,0.85076,0.54336,-0.94181,-0.60243,-0.683,0.72546,-0.85919,-0.7143,0.51113,-0.80395,0.56142,-0.61611,0.70219,-0.72448,0.86305,-0.51671,-0.82929,-0.77031,0.69146,0.51381,0.6635,-0.93391,-0.67369,0.54609,0.6774,-0.55944,0.75702,0.58818,-0.65404,0.68957,-0.63621,0.76939,0.6568,-0.53428,0.56495,-0.51236,-0.50819,0.70759,0.62186,-0.96744,-0.55337,0.54834,0.54439,0.53565,-0.60273,-0.7676,0.54819,-0.5955,-0.54448,0.51533,-0.7711,-0.66955,0.69792,0.53032,-0.85238,-0.57157,-0.56348,-0.54555,-0.52722,-0.55878,0.51707,0.70817,0.67605,0.53434,-0.81948,0.53433,0.92766,0.55638,-0.54349,0.61425,-0.50431,-0.65561,0.56846,0.8287,0.57207,-0.64644,-0.80561,-0.54735,0.60402,-0.62825
-0.5644,0.79856,-0.57262,-0.67926,-0.60191,0.51063,0.63661,-0.63464,-0.577,0.67576,-0.72208,-0.69519,0.5542,0.6026,15.821,0.57631,0.7745,0.67704,0.56122,-0.72124,0.91768,0.79448,0.89137,0.58328,-0.67788,0.62133,-0.51993,-0.50564,0.59211,0.57016,-0.64217,0.69408,0.50862,0.89089,-0.73257,-0.59497,-0.5819,-0.66272,-0.7026,-0.78285,0.51771,0.80143,0.60824,-0.64697,0.51764,-0.96391,-0.53094,-0.69577,-0.54438,-0.95594,-0.53515,0.69909,-0.50126,0.78153,0.79778,0.65605,-0.72807,0.62676,-0.86221,-0.61172,0.54996,-0.79385,0.80841,-0.63902,-0.54333,0.50099,-0.75548,0.64465,0.78944,0.63781,0.65332,0.57765,-0.81689,-0.66826,0.57818,0.73315,-0.73111,-0.50249,-0.67494,-0.59334,0.65379,0.71737,0.63599,0.64224,-0.58093,-0.76439,-0.61066,-0.88074,-0.51056,0.84977,0.60719,-0.75761,0.6979,0.50601,0.68838,-0.52929,-0.54429,0.60336,0.65564,0.85608,-0.82506,0.57869,0.54365,-0.54007,0.85147,-0.6394,0.67532,-0.59535,-0.90326,0.52883,0.61992,0.51671,-0.73656,-0.54712,0.7607,0.70408,0.62425,0.69921,0.63394,0.87754,-0.56377,0.68426,-0.55883,-0.83224,-0.53087,-0.66501,-0.59551,0.62221,-0.77511,0.70051,-0.55151,0.78628,-0.52188,-0.74085,0.84801,-0.64978,0.65248,-0.85322,0.50787,-0.77745,0.61468,-0.58759,-0.73748,-0.51617,0.59618,-0.70118,0.5765,0.52097,0.78146,-0.62167
-0.7092,-0.93836,0.55845,0.52738,-0.56606,-0.57129,-0.76242,-0.60001,0.50526,0.7332,0.8224,0.56032,0.50308,0.60876,0.57631,15.821,-0.58207,-0.58628,0.69687,0.51343,-0.6822,-0.86554,-0.62925,0.61844,-0.89841,-0.55051,0.51248,0.57259,0.71981,-0.91303,-0.52612,-0.80533,0.56588,0.90284,0.57897,0.64252,-0.68624,0.56438,-0.93131,-0.57894,-0.50374,-0.67071,0.51407,0.50107,-0.6622,-0.51733,-0.59315,0.7054,0.63294,-0.5647,0.87923,0.52967,0.74216,0.60614,-0.72916,-0.85649,0.58312,-0.78345,-0.57253,-0.71384,0.51325,-0.60615,-0.56315,0.73271,0.63264,0.55113,-0.76393,-0.5585,0.69483,0.6643,0.79877,0.55856,-0.5508,0.69648,-0.8481,0.585,0.53238,0.78126,0.50694,0.52275,0.57538,0.66795,-0.5984,-0.62677,-0.65101,-0.73256,-0.56608,-0.62686,-0.63515,-0.66819,0.5233,-0.60956,-0.84439,0.63439,-0.88528,-0.57177,-0.74596,-0.55682,0.74793,-0.64004,0.53297,-0.64263,0.59273,-0.50708,-0.5089,0.62075,-0.69851,0.61701,-0.67303,0.58598,0.50329,0.52162,0.54957,0.8322,0.541,-0.51401,-0.62722,0.50501,-0.55422,0.81236,0.68229,-0.74991,-0.60545,-0.84673,-0.79098,0.74869,-0.72032,-0.66609,0.59424,-0.77541,-0.84843,-0.65536,-0.64887,0.55403,-0.78686,-0.57005,-0.66396,-0.6914,-0.53601,-0.62641,0.96629,0.51166,-0.71548,0.67007,-0.51432,0.79168,-0.6166,-0.82953,0.55503,-0.75277
0.56459,-0.7444,0.8951,0.92943,0.79091,0.69324,-0.77161,0.64382,-0.65305,0.60673,-0.62181,-0.55151,0.83884,0.71294,0.7745,-0.58207,15.821,-0.69302,0.56135,-0.65372,0.52,-0.82383,0.54485,-0.60394,-0.57077,-0.55753,-0.81298,-0.55312,0.94123,0.70576,-0.53257,-0.65002,0.59541,0.65252,0.60108,0.87747,-0.62422,-0.66571,0.78018,-0.72826,0.8507,0.52468,0.50415,-0.70149,-0.72545,0.56052,-0.66216,0.71134,0.52316,0.5138,-0.61098,0.5774,0.56831,-0.55066,0.7634,-0.70731,0.72742,-0.79546,-0.54518,-0.54696,0.68205,0.51766,0.51692,0.5779,-0.66848,-0.57654,-0.6031,-0.67409,-0.53265,0.83577,0.90177,-0.85997,0.79145,0.68906,-0.7448,0.59751,-0.73469,-0.72581,0.5036,0.50667,0.77982,0.61359,0.54598,0.64347,-0.54156,-0.64125,0.75211,0.67325,-0.78772,-0.63999,0.55554,-0.66152,-0.57635,-0.66902,0.92019,0.56389,-0.74225,0.92142,0.65789,-0.674,0.50019,0.50543,-0.69986,0.54867,-0.65711,0.52268,0.63147,0.66378,0.84152,-0.82443,0.52607,0.80531,0.56066,0.60354,0.75236,0.92762,0.78145,0.53434,-0.54331,0.56593,0.60558,0.5028,-0.80859,0.67516,0.65543,-0.88337,0.60651,0.80913,0.52549,-0.75017,0.6134,0.58258,0.68717,0.61864,0.61408,0.58168,0.66177,0.65881,-0.53228,-0.75236,0.5212,0.69491,-0.63139,-0.82994,-0.54041,0.53653,0.84195,0.52754,0.69941,0.71155
0.86644,0.51895,-0.67169,0.57767,-0.50164,-0.52705,-0.55233,0.61898,-0.76577,-0.70415,-0.6901,-0.58147,-0.61325,-0.82279,0.67704,-0.58628,-0.69302,15.821,-0.8157,-0.66054,0.50807,-0.51549,0.5163,0.5789,-0.50068,-0.91247,-0.61066,-0.6046,0.58305,-0.63537,0.58901,0.65479,0.50784,0.52556,-0.5334,0.51392,-0.85439,-0.56351,-0.50903,0.65301,-0.63755,-0.52219,-0.58161,0.72583,0.88016,0.72022,-0.60521,0.75635,-0.77365,-0.65559,-0.58766,0.76873,0.55363,-0.63856,-0.64902,0.60837,-0.77722,-0.53833,-0.55295,0.8916,0.82245,0.60456,0.60883,-0.93097,0.52443,-0.62426,-0.57092,0.51729,-0.63725,0.62089,0.74315,0.90336,-0.6229,-0.55085,-0.66128,0.59334,-0.60301,0.5587,-0.62461,0.63517,0.66196,0.6823,-0.50608,-0.5636,0.72161,-0.56034,0.74768,-0.82333,-0.66465,-0.5377,0.88962,-0.6174,-0.558,0.52621,0.57666,0.62595,0.72299,0.56585,-0.62761,-0.63847,0.50262,0.80549,0.66705,-0.53784,-0.5459,-0.60744,-0.93976,0.60146,0.59594,0.72065,-0.73503,0.72555,0.65724,0.66371,-0.57771,-0.91534,-0.61553,0.58865,-0.65475,-0.89077,-0.86086,0.55615,0.64886,0.56748,0.80178,0.59892,0.6159,-0.66939,0.69859,-0.64318,0.81274,-0.88694,-0.55675,0.67374,0.7683,0.71289,-0.79103,0.72081,-0.85893,-0.59444,0.65278,0.91677,-0.60005,-0.51269,0.73857,0.56147,-0.70782,0.72602,-0.77159,0.5715
0.82808,0.64077,-0.53851,-0.5069,-0.7224,-0.84223,-0.8725,-0.6848,-0.66363,0.54929,0.52078,0.83772,-0.70186,0.72861,0.56122,0.69687,0.56135,-0.8157,15.821,-0.83427,-0.68549,0.548,0.54696,0.76496,-0.53533,-0.59306,-0.65925,0.50207,0.62815,-0.79289,-0.51265,0.58109,0.69375,0.87455,0.75644,0.56409,0.86071,-0.91774,-0.59766,-0.82071,0.5671,-0.5892,-0.89132,0.50938,-0.5193,0.68635,0.61739,-0.75103,0.79233,0.81668,-0.83419,-0.52071,0.53227,0.67162,0.71964,0.73244,0.50766,0.84521,-0.81179,0.65022,0.89773,-0.531,0.58789,-0.54449,0.87982,0.62323,0.58231,0.71094,-0.73117,0.84688,0.5255,-0.59645,0.64132,0.55262,-0.68433,0.51073,0.66228,-0.59763,-0.71235,0.55137,-0.50055,-0.5446,0.54587,-0.50751,0.59368,-0.80679,-0.54982,0.67475,-0.79935,0.64042,-0.94877,0.72013,0.52818,0.79157,0.62933,-0.53995,0.5025,-0.54718,-0.59754,0.63602,0.65221,0.79539,0.62306,0.66553,0.66565,0.72063,-0.78364,0.56413,0.83992,-0.52294,-0.60981,-0.67279,-0.5909,-0.57993,-0.55192,-0.56485,0.62473,-0.61851,-0.62872,-0.64101,0.63339,0.81377,0.66788,-0.87992,-0.67971,-0.73781,-0.5017,-0.53338,0.76681,0.68257,-0.5698,0.51708,0.51636,-0.85412,-0.63694,-0.65672,0.56009,0.68825,-0.6373,0.64394,0.75742,-0.65227,0.62001,-0.70306,-0.58792,0.54058,0.63285,-0.64874,-0.80449,-0.71717
0.52818,-0.61919,-0.83288,0.88683,-0.51153,0.64763,0.66727,-0.74318,-0.60838,-0.70995,0.73156,0.692,-0.55034,-0.56877,-0.72124,0.51343,-0.65372,-0.66054,-0.83427,15.821,0.72546,-0.63145,-0.83477,0.59014,-0.84643,0.54519,-0.58015,-0.7731,-0.79237,0.53824,-0.67023,-0.51892,-0.83353,0.58265,0.55565,0.53797,-0.67446,0.92226,-0.85905,-0.65558,0.53711,0.60846,-0.53135,0.56687,-0.52983,0.51855,-0.76286,0.65785,-0.55652,-0.95073,0.51054,-0.61914,0.55125,0.61366,0.53125,0.76299,-0.64269,-0.52013,-0.57184,-0.62354,0.56056,-0.67826,-0.8446,-0.74668,-0.7935,-0.64227,0.73132,0.52245,0.63512,0.68638,0.73177,-0.84936,0.60675,-0.53178,0.75058,-0.76165,-0.79181,-0.56614,-0.8021,-0.8887,0.63767,0.50351,0.59828,-0.57708,-0.63163,-0.60908,0.62484,0.62439,-0.52031,0.54686,-0.86965,0.63695,-0.5375,0.78377,0.56921,0.67605,0.54148,0.57157,0.51371,0.85937,0.64898,-0.84601,0.80197,-0.61828,0.89898,-0.65375,-0.61645,-0.54277,0.55396,0.54352,0.58059,0.68656,-0.54705,0.6447,-0.7898,0.81962,-0.72105,0.63122,-0.76843,-0.70891,0.56804,0.55438,-0.70292,-0.61951,0.92339,0.64564,0.72266,-0.71554,0.79043,-0.54486,-0.58263,0.88782,0.68208,0.5349,0.7584,0.56313,-0.50369,0.68091,0.80056,-0.5441,-0.57525,-0.75637,-0.97442,-0.80238,-0.65095,-0.73069,0.52426,0.64783,0.92231,-0.58034
0.63291,0.67466,-0.56116,0.59601,0.56428,0.73547,0.54505,-0.80985,0.84475,0.77201,0.61894,0.8163,0.5678,0.85886,0.91768,-0.6822,0.52,0.50807,-0.68549,0.72546,15.821,-0.82623,-0.52412,0.76158,0.52196,0.61893,-0.7314,0.89116,0.58063,0.73786,-0.68025,-0.78625,-0.64136,-0.63513,0.53585,-0.75126,-0.60138,0.65202,0.50115,0.55608,0.69231,-0.54483,-0.96483,0.68731,0.58366,-0.50506,0.71847,-0.51923,0.86198,0.87221,0.64792,0.80552,-0.69956,0.73793,-0.95772,0.70494,-0.6026,-0.78503,0.78751,-0.76065,-0.52915,0.90731,-0.87132,-0.53851,0.68167,-0.67328,0.67288,-0.89604,-0.6493,0.61339,0.81007,-0.52806,0.57942,-0.75566,-0.80127,0.74078,-0.54365,-0.51301,-0.64207,-0.52476,0.64731,-0.76555,-0.70211,0.69381,0.97903,0.96431,0.57318,0.61178,-0.79622,-0.53231,-0.5859,0.70835,-0.74961,0.73141,0.74371,0.66325,0.60865,-0.77681,0.51069,-0.81101,0.69394,-0.71889,0.64673,0.85166,0.71919,-0.63065,-0.76845,-0.66942,0.51366,0.65018,0.61116,-0.85251,0.74407,0.83602,-0.63702,-0.82436,0.53945,-0.78722,0.55141,0.52396,-0.8459,-0.56027,-0.77478,0.55722,0.58978,-0.57863,0.51255,0.5872,0.59042,-0.90099,0.55916,0.53162,0.66537,-0.68255,0.61088,-0.8815,-0.55553,0.86905,0.65033,-0.72326,0.53574,-0.69091,-0.54467,0.83833,0.65504,0.61808,0.65125,-0.76244,0.51623,-0.56975
0.57563,0.6223,0.62817,-0.83709,-0.84706,0.96682,0.6009,0.60011,-0.60252,0.76257,-0.6648,-0.82366,-0.7533,-0.54122,0.79448,-0.86554,-0.82383,-0.51549,0.548,-0.63145,-0.82623,15.821,0.58392,0.83242,-0.71998,0.62134,0.58019,0.63705,0.67479,0.52802,-0.5083,0.73771,0.65955,-0.69948,0.61602,0.72553,-0.85281,-0.88599,-0.55136,-0.84845,0.64658,-0.71243,0.55113,-0.7063,0.63302,0.61966,0.90215,-0.58203,-0.75154,-0.60285,0.64554,0.58024,0.73213,-0.56522,-0.50814,0.84451,0.67928,0.58742,-0.88545,-0.88861,0.63919,-0.62146,0.62504,0.88688,-0.65428,-0.78256,0.75721,-0.56466,0.59622,-0.50955,-0.60412,0.73856,-0.96867,-0.57852,0.71122,-0.54893,-0.56905,-0.69744,-0.66171,-0.71923,-0.69453,0.59994,0.57637,0.55374,-0.78973,0.67852,0.54193,-0.77816,-0.54795,0.86829,-0.7701,-0.70014,0.75034,0.76408,0.66368,0.52097,-0.66811,0.82017,-0.76747,-0.83406,0.64432,0.55001,0.50218,-0.82381,-0.58719,0.5679,-0.63597,-0.60291,0.79911,-0.64292,0.69972,0.75166,0.60195,0.96673,0.52917,0.66889,0.87443,-0.50081,0.53549,0.8601,-0.68013,-0.77407,0.59413,-0.7904,0.68899,-0.69624,-0.86062,0.86554,-0.71278,0.61703,0.56717,-0.83766,0.91013,-0.64254,0.68966,-0.50349,0.53415,-0.76602,-0.56328,-0.51355,-0.88628,0.52183,0.71155,0.76117,0.83661,-0.94157,-0.79365,0.8138,-0.70394,0.75213
-0.58207,-0.91249,-0.60688,-0.72416,0.68967,-0.70271,-0.8586,-0.56828,0.95665,0.69638,-0.58271,0.63629,-0.82121,-0.5132,0.89137,-0.62925,0.54485,0.5163,0.54696,-0.83477,-0.52412,0.58392,15.821,0.61293,0.54962,-0.79677,0.58696,-0.83364,-0.76781,0.85602,-0.64475,-0.5793,-0.5782,-0.63817,0.85237,-0.61784,0.6381,0.579,-0.58774,-0.56731,-0.7485,0.67135,0.55585,0.55267,-0.68502,0.79346,0.84158,-0.60758,0.69851,-0.58376,0.57329,0.63669,0.86078,0.63939,-0.7763,0.6234,0.79168,-0.61846,0.63025,0.60811,0.54167,-0.62728,0.58779,0.79,-0.78647,-0.68426,0.74396,0.70996,0.75016,0.54719,0.53129,0.63191,-0.50337,0.82147,-0.51014,0.6513,-0.52642,-0.53307,0.65015,0.56412,0.52131,-0.5883,-0.73361,-0.72472,0.52091,0.8782,-0.88665,0.60959,-0.59032,0.73248,0.50255,0.86408,0.75804,0.65394,-0.76981,-0.54907,0.81763,0.72774,-0.55729,-0.83082,-0.60608,0.55488,0.56938,-0.63378,0.52454,-0.73925,-0.57504,0.52323,-0.69288,0.64789,0.72391,0.54298,0.65038,-0.50919,0.6049,-0.76269,-0.89527,0.78807,0.66454,0.80185,0.8443,-0.71234,-0.78853,0.51901,0.75772,0.63163,-0.6417,0.56946,0.50058,-0.84639,-0.72602,0.56287,-0.578,-0.79376,0.58374,0.74088,0.62164,-0.56413,0.50026,0.71239,-0.717,-0.89281,0.8956,0.57369,0.72994,0.73597,0.50324,0.78979,-0.57709,0.78463
0.83607,0.68039,-0.59642,0.57406,0.65658,-0.63583,0.50884,-0.54399,-0.76138,0.58586,0.59917,0.56131,0.72165,-0.9608,0.58328,0.61844,-0.60394,0.5789,0.76496,0.59014,0.76158,0.83242,0.61293,15.821,-0.62648,-0.64424,-0.58505,0.85901,-0.72399,-0.65675,-0.70989,-0.72647,0.73364,-0.90753,0.89935,-0.60704,-0.89886,0.78562,-0.58392,-0.92311,0.62302,-0.87918,-0.50662,-0.5341,-0.61739,0.74279,0.75476,0.60248,-0.6274,-0.67087,-0.70362,-0.52527,-0.66519,-0.76976,-0.65197,-0.52304,-0.66061,-0.77749,0.52491,0.53069,-0.76004,-0.84278,0.66284,0.58316,0.6965,-0.61271,0.87588,0.78445,0.6411,0.55006,-0.57762,0.54934,-0.56513,-0.67453,0.82838,-0.52067,-0.82294,-0.6028,-0.72058,-0.76491,-0.79698,-0.73185,-0.89498,-0.82038,0.61808,-0.89574,-0.53979,-0.59512,0.50668,-0.60476,-0.51589,-0.52625,0.53114,-0.62353,0.7418,0.56121,0.66023,0.7051,-0.69531,0.55318,0.54391,0.56845,0.76684,0.50684,0.7181,-0.5588,-0.63679,-0.71364,-0.56082,-0.54835,0.52163,-0.87793,-0.67845,0.79864,-0.63818,-0.51267,0.58869,0.61304,-0.5011,-0.8007,0.55237,-0.50045,0.69952,-0.62493,0.58583,0.59228,-0.72213,-0.59591,-0.84057,-0.54749,-0.67823,0.50218,-0.67342,0.76018,-0.77217,-0.70913,0.99662,0.67901,0.91039,0.84366,-0.54157,0.89259,0.69349,-0.53477,0.64407,-0.69039,-0.90768,-0.64103,0.54885,0.62695
-0.53181,-0.50414,0.84592,-0.56662,0.77288,-0.65602,-0.55749,-0.50301,0.63989,-0.77474,0.515,-0.54996,-0.52991,0.63122,-0.67788,-0.89841,-0.57077,-0.50068,-0.53533,-0.84643,0.52196,-0.71998,0.54962,-0.62648,15.821,-0.59707,-0.81439,0.78803,0.61167,-0.73773,-0.56799,0.8777,-0.74693,0.72046,-0.57785,-0.54557,-0.68384,0.76013,-0.58177,-0.5045,0.66022,-0.59525,-0.7194,-0.5637,-0.64092,-0.72429,-0.64904,-0.86328,0.86733,0.95202,0.6943,-0.85459,-0.52444,0.6291,0.61504,0.85242,-0.50114,0.60237,-0.76612,0.62885,0.5566,-0.51273,-0.68656,-0.59063,-0.79414,0.85487,-0.88817,0.67406,0.50615,-0.54308,-0.51162,-0.52852,-0.51986,-0.79789,-0.77686,-0.63497,-0.54228,-0.59806,0.82096,0.80508,0.61427,0.71824,0.53887,0.86299,-0.67236,0.55675,0.55333,0.79752,0.52684,0.74517,0.65234,-0.52232,-0.54481,-0.58951,0.67897,-0.70502,0.51388,-0.8667,0.529,0.83076,-0.64497,-0.63748,-0.55365,-0.83452,-0.58728,0.78168,0.62304,0.58854,-0.57285,-0.73006,-0.51669,0.76899,-0.52558,0.5207,0.71194,-0.72202,-0.54044,0.5684,0.79245,-0.50854,-0.64592,0.57895,-0.72046,0.70458,0.60596,0.74354,-0.52738,-0.58355,0.59949,0.69599,-0.94009,-0.74331,0.64634,-0.55399,0.61899,-0.61064,0.74668,-0.52988,-0.51163,0.65176,-0.74659,-0.92004,0.55735,0.66291,-0.71831,0.74668,0.80156,0.82283,0.69392,-0.50217
-0.8747,0.84953,0.80472,-0.8301,0.87708,-0.90063,-0.81284,-0.7151,-0.60217,0.52061,0.64139,-0.6084,-0.58408,0.53682,0.62133,-0.55051,-0.55753,-0.91247,-0.59306,0.54519,0.61893,0.62134,-0.79677,-0.64424,-0.59707,15.821,0.75477,-0.69022,0.74588,-0.51352,0.83704,0.7461,0.67952,-0.77434,-0.876,0.85361,-0.57792,-0.51365,-0.65159,0.51817,-0.54465,-0.81232,-0.5915,-0.62688,0.6887,-0.5887,0.96666,0.54973,-0.54542,-0.76509,0.76955,-0.69556,0.53604,-0.72961,0.52703,-0.6768,0.6255,0.79856,0.73045,-0.66692,-0.69281,-0.61109,0.80125,0.64566,0.57475,-0.52255,0.75496,0.56054,0.62225,-0.73002,0.80554,0.56478,-0.6141,-0.58819,-0.50888,0.50376,0.53852,-0.53576,-0.73513,-0.59869,-0.51538,-0.60244,0.58928,-0.84167,0.51397,0.72027,0.76262,0.83804,0.71374,-0.76301,0.6509,0.80593,0.54803,-0.64969,-0.58992,0.58971,-0.7444,0.83832,0.64198,0.78453,0.74815,0.57616,0.53808,0.51462,-0.56485,0.71662,-0.67504,0.51078,-0.84957,0.63286,-0.84035,-0.53945,0.78649,0.65022,0.65645,0.85369,0.55437,0.51006,0.65283,-0.7892,-0.94533,0.57161,-0.74039,-0.58797,0.52509,0.81995,-0.55136,0.94331,-0.59243,-0.9078,0.8236,0.50857,0.5792,0.85401,0.62896,-0.67411,0.61116,0.5091,-0.62044,-0.85782,0.55388,-0.56324,0.54416,0.69008,-0.53148,-0.51858,0.61725,-0.56708,-0.56671,-0.64237
-0.50892,0.60939,0.71701,-0.54316,0.61276,0.82399,0.59602,-0.66643,-0.80211,0.74647,0.62023,-0.56301,0.59712,0.50946,-0.51993,0.51248,-0.81298,-0.61066,-0.65925,-0.58015,-0.7314,0.58019,0.58696,-0.58505,-0.81439,0.75477,15.821,0.6844,0.50015,0.59046,0.67747,0.60884,0.52975,-0.50733,-0.56503,-0.70248,0.52658,0.54819,0.63176,0.77615,-0.87274,-0.72764,0.72411,0.63968,0.66738,0.63614,0.67949,-0.59584,0.7096,0.84039,0.85352,-0.62892,0.58888,0.69151,-0.55306,0.51183,-0.56524,0.53865,0.83566,0.68769,-0.52475,-0.65247,-0.87596,0.94236,0.55552,0.75609,0.60844,-0.67015,0.65977,0.61694,-0.62098,-0.67018,-0.58052,0.7686,0.53518,-0.60473,-0.70021,-0.93671,-0.90221,-0.52583,-0.66733,0.76066,-0.79331,-0.67062,-0.87563,-0.85658,-0.81677,-0.68959,-0.50052,-0.74641,-0.95847,-0.59999,0.80527,-0.50057,0.57878,0.59583,-0.70827,-0.80219,-0.74996,0.50437,-0.71041,0.7952,0.55827,-0.71735,0.5588,-0.74636,0.78486,-0.50592,0.89406,0.59233,0.60407,-0.70275,-0.88717,-0.59143,-0.74046,0.82153,-0.60506,0.51608,0.50219,-0.57781,-0.74413,0.75955,-0.5864,0.6083,-0.50443,0.76939,-0.5022,0.59548,0.51735,-0.64468,0.70676,0.84484,0.67665,0.64814,0.6408,-0.51949,0.99328,0.68789,0.73638,-0.88301,0.71572,-0.53126,0.77017,0.67009,0.80987,0.52522,-0.94206,-0.74386,0.58251,-0.56662
0.51112,0.62136,-0.6459,-0.77668,0.86076,-0.70106,-0.52648,-0.66497,0.81991,0.60033,0.50465,-0.82799,0.54883,0.51014,-0.50564,0.57259,-0.55312,-0.6046,0.50207,-0.7731,0.89116,0.63705,-0.83364,0.85901,0.78803,-0.69022,0.6844,15.821,-0.67696,-0.57263,0.71977,0.50903,0.79959,-0.65104,0.65883,0.61292,-0.63882,0.57752,-0.73778,-0.67346,0.67093,0.54758,-0.74969,0.69809,-0.50596,0.86778,-0.71096,-0.74174,0.72931,0.69209,-0.59836,-0.54845,0.52444,-0.67981,0.59727,0.74833,0.67908,-0.75395,-0.90277,-0.58478,0.79019,0.82195,0.83834,0.50893,-0.65775,-0.5239,0.80473,0.91229,0.85465,-0.66427,-0.5284,0.60975,-0.55921,-0.75472,0.73585,-0.51457,-0.52238,-0.82303,0.50951,0.58707,-0.81727,0.76858,-0.82105,0.74019,0.57543,-0.51988,0.76831,-0.78246,0.5121,-0.66481,-0.5056,0.72001,0.69846,-0.7111,0.69105,0.63756,0.55608,-0.51632,-0.5573,-0.59281,0.83374,-0.79407,0.71976,0.82936,-0.67287,0.80906,0.50874,-0.77472,-0.55882,0.66191,0.75842,0.77334,-0.5343,-0.78087,0.5061,-0.79316,0.79038,0.77229,-0.63659,-0.69925,-0.71721,-0.90677,0.73194,-0.60012,0.75695,0.98427,-0.52826,0.72082,0.58021,0.90522,-0.50255,-0.93091,0.53529,-0.72295,0.94511,0.83568,0.64504,-0.79416,-0.51086,-0.58657,0.67763,0.86744,0.59217,-0.85262,-0.6034,0.66643,0.59635,0.53407,-0.59826,-0.5145
-0.69612,-0.60319,0.50136,-0.51875,-0.7067,-0.52959,0.71425,0.76872,0.62529,-0.70446,-0.77797,-0.86688,0.63263,0.53668,0.59211,0.71981,0.94123,0.58305,0.62815,-0.79237,0.58063,0.67479,-0.76781,-0.72399,0.61167,0.74588,0.50015,-0.67696,15.821,0.82476,0.75679,-0.86914,-0.93754,-0.88155,0.67507,-0.62592,-0.68556,0.67324,-0.86841,-0.65308,0.78185,0.54604,0.55709,-0.75204,0.82375,0.74144,-0.72366,0.73218,-0.50736,-0.67836,0.79123,-0.72317,0.55421,-0.61166,-0.55012,0.60481,0.73593,-0.62906,0.81969,-0.69454,-0.6117,0.62875,0.63933,-0.74416,-0.56223,-0.86634,-0.52375,0.5504,-0.62853,0.75787,-0.56525,0.54163,0.67545,0.57428,-0.52795,0.6288,-0.66653,0.61014,-0.89561,0.50259,0.61411,-0.82793,0.71041,0.6997,-0.79042,-0.57494,-0.69851,-0.63582,-0.61597,-0.91663,-0.50466,0.72846,-0.68652,0.52072,0.91587,0.71208,-0.58917,0.64731,-0.96803,0.77565,0.50607,-0.50487,-0.56012,-0.50193,-0.90825,0.61777,0.57804,-0.574,-0.53399,-0.59421,-0.84307,0.52844,-0.72873,-0.52187,0.57765,0.52609,0.67251,0.7145,0.57723,-0.6982,-0.55719,0.50729,-0.66582,0.50945,0.77878,-0.7736,0.76757,0.74974,-0.62802,-0.52689,0.58842,0.72278,0.50577,0.50556,0.60188,0.79048,-0.58994,-0.70212,-0.50293,-0.72958,0.88328,-0.93054,0.54255,-0.55553,-0.56405,-0.65559,0.74663,0.73751,0.65142,0.63591
0.91543,-0.71763,-0.50042,-0.78858,0.75606,-0.50592,-0.52615,0.65189,-0.73322,0.54715,-0.80321,-0.52539,-0.54322,-0.77094,0.57016,-0.91303,0.70576,-0.63537,-0.79289,0.53824,0.73786,0.52802,0.85602,-0.65675,-0.73773,-0.51352,0.59046,-0.57263,0.82476,15.821,0.55975,-0.86962,-0.62373,-0.75529,0.55424,-0.50459,-0.6754,0.52337,-0.55603,0.55265,0.76084,-0.96233,-0.55747,-0.59374,0.58607,-0.71809,-0.52843,0.53064,-0.54715,-0.51986,0.78243,0.87414,0.64143,0.84824,0.55519,-0.55637,0.68472,-0.65468,0.79042,0.81324,-0.64798,-0.77151,-0.52083,-0.53932,0.55331,0.62662,0.70343,-0.61687,0.6277,0.56824,0.57109,0.77754,-0.52442,0.77102,0.64471,0.68805,0.81642,-0.5498,-0.68751,0.51767,0.90958,0.59517,0.53936,0.56019,-0.9701,0.50936,0.57646,0.7692,-0.57907,-0.65518,0.73539,-0.77714,0.57463,-0.78464,-0.64108,0.58026,-0.75642,0.71616,0.66514,-0.7325,0.56638,-0.60571,0.67737,0.52477,-0.56676,-0.54888,-0.61281,0.66004,0.85321,0.66982,-0.52812,0.82069,-0.54873,0.56091,0.66778,0.67345,0.66418,-0.80839,-0.85833,-0.50358,0.6182,0.76009,0.54615,-0.60564,-0.85624,0.6766,0.83589,0.70956,0.50638,0.70323,-0.53048,0.83182,-0.8038,-0.75564,0.54824,-0.63814,0.55009,0.83635,-0.9026,-0.74445,0.55537,0.66842,-0.75095,0.84583,-0.64144,0.54505,-0.80788,0.65308,-0.62127,0.63324
-0.75855,-0.67713,-0.65246,0.72137,-0.52271,-0.79669,0.64234,0.7001,-0.58468,0.67654,-0.59987,-0.54858,-0.56625,-0.68647,-0.64217,-0.52612,-0.53257,0.58901,-0.51265,-0.67023,-0.68025,-0.5083,-0.64475,-0.70989,-0.56799,0.83704,0.67747,0.71977,0.75679,0.55975,15.821,0.64731,0.73763,0.70724,0.60883,0.73684,-0.64264,0.59327,-0.66152,0.52447,-0.52209,-0.65082,0.53122,-0.78465,0.96385,-0.66563,0.56199,0.89724,0.59471,0.56361,-0.5423,-0.62568,0.54051,0.56381,0.50416,-0.735,0.69411,-0.70745,0.51678,0.6118,-0.60797,0.87376,-0.66814,-0.52854,0.7804,0.66206,0.61037,0.69749,0.54865,0.5114,0.76449,0.54648,-0.82561,-0.62778,-0.58718,-0.9024,0.60022,0.81771,0.6435,0.52648,-0.75196,-0.64164,0.69882,0.51674,0.65218,0.782,-0.7334,0.51736,0.77101,0.60091,0.82867,0.77102,0.69225,0.57342,0.63649,0.76441,-0.69117,-0.76914,-0.67804,-0.62102,0.96751,-0.69584,0.67292,-0.5474,0.53685,0.65652,0.66,-0.71038,0.68859,-0.71637,0.51852,-0.68244,-0.53914,0.78925,0.59517,-0.67506,-0.56336,0.51336,-0.70713,0.97964,0.64546,-0.89836,-0.80303,-0.6004,-0.70951,0.71696,0.70308,-0.51233,-0.84341,-0.78315,0.88829,0.52938,0.93372,-0.50073,0.89094,0.58776,-0.64121,-0.78053,-0.66455,-0.66756,-0.83215,0.63606,-0.69944,-0.6694,0.75294,0.50592,-0.93134,0.81434,0.51144,-0.60694
